Diffusion element  0:  0,  ,  ,  ,  ,  ,  , 7,  ,  ,10,  ,12,13,  ,15,  ,  ,18,19,  ,21,22,  ,  ,25,  ,  ,28,29,30,31,
Diffusion element  1:   , 1,  ,  , 4,  ,  , 7,  ,  ,10,11,12,  ,14,15,16,  ,18,  ,  ,21,  ,23,  ,25,26,  ,28,  ,  ,  ,
Diffusion element  2:   ,  , 2,  ,  , 5,  ,  , 8,  ,  ,11,  ,13,  ,15,16,17,  ,19,20,  ,22,  ,  ,  ,26,27,28,29,  ,  ,
Diffusion element  3:   ,  ,  , 3,  ,  , 6,  ,  , 9,  ,  ,12,  ,14,  ,  ,17,18,  ,20,21,  ,23,24,  ,  ,27,28,29,30,  ,
Diffusion element  4:   ,  ,  , 3, 4,  ,  ,  , 8, 9,  ,11,  ,  ,14,  ,  ,17,18,  ,  ,  ,22,23,24,25,26,27,  ,29,  ,  ,
Diffusion element  5:  0,  ,  , 3,  , 5,  ,  , 8,  ,10,11,  ,  ,14,15,  ,17,  ,19,20,  ,22,  ,24,  ,  ,  ,  ,29,30,  ,
Diffusion element  6:   , 1,  ,  ,  ,  , 6,  ,  , 9,  ,11,12,  ,  ,15,16,  ,18,  ,20,21,  ,23,24,25,  ,  ,  ,  ,30,31,
Diffusion element  7:   ,  , 2,  ,  ,  ,  , 7, 8,  ,10,  ,  ,13,  ,  ,16,17,  ,19,  ,21,22,  ,24,25,26,  ,28,  ,  ,31,
Diffusion element  8:   ,  , 2,  , 4, 5,  , 7, 8,  ,  ,  ,  ,  ,  ,15,  ,17,  ,  ,20,21,22,23,  ,  ,26,27,  ,29,30,  ,
Diffusion element  9:   ,  , 2, 3, 4,  , 6, 7,  , 9,  ,  ,12,  ,  ,15,  ,17,18,  ,20,  ,  ,  ,24,  ,26,  ,  ,29,  ,31,
Diffusion element 10:  0,  ,  , 3,  , 5,  , 7,  ,  ,10,  ,  ,13,  ,  ,  ,  ,18,19,20,21,  ,  ,24,25,  ,27,28,  ,30,  ,
Diffusion element 11:   , 1,  ,  , 4,  , 6,  ,  ,  ,  ,11,  ,  ,14,  ,16,  ,  ,19,20,21,22,  ,  ,25,26,  ,28,29,  ,31,
Diffusion element 12:  0, 1,  , 3,  ,  , 6,  ,  ,  ,  ,11,12,  ,  ,  ,16,17,18,19,  ,21,  ,  ,  ,25,26,  ,  ,  ,30,31,
Diffusion element 13:  0,  , 2, 3,  ,  , 6, 7, 8,  ,  ,11,  ,13,  ,  ,16,  ,  ,  ,  ,21,22,  ,  ,25,  ,27,28,  ,30,  ,
Diffusion element 14:   , 1,  , 3, 4,  ,  , 7,  , 9,  ,  ,  ,  ,14,  ,16,17,  ,  ,  ,  ,22,23,24,  ,26,  ,28,29,  ,31,
Diffusion element 15:  0,  , 2,  ,  , 5,  ,  ,  ,  ,10,  ,  ,  ,  ,15,16,17,18,  ,20,  ,  ,23,24,25,  ,27,  ,29,30,  ,
Diffusion element 16:   ,  , 2, 3,  , 5, 6,  ,  , 9,  ,  ,12,13,14,15,16,  ,  ,  ,  ,  ,  ,23,  ,  ,26,  ,28,29,  ,31,
Diffusion element 17:  0,  , 2,  ,  , 5,  , 7,  , 9,10,  ,12,  ,  ,  ,  ,17,  ,  ,20,  ,  ,23,  ,  ,26,27,28,  ,30,31,
Diffusion element 18:  0, 1,  , 3, 4,  , 6,  ,  ,  ,10,11,12,13,  ,  ,  ,  ,18,  ,  ,21,  ,  ,24,  ,  ,27,  ,29,  ,31,
Diffusion element 19:   , 1, 2,  , 4, 5,  , 7, 8,  ,  ,11,12,13,14,  ,  ,  ,  ,19,  ,  ,22,  ,  ,25,  ,  ,28,  ,30,  ,
Diffusion element 20:   , 1, 2,  ,  ,  , 6, 7, 8, 9,10,11,  ,13,  ,  ,  ,  ,  ,19,20,  ,  ,  ,24,25,  ,27,  ,  ,30,  ,
Diffusion element 21:   , 1,  , 3, 4,  , 6,  , 8,  ,  ,  ,  ,13,14,  ,16,  ,  ,19,  ,21,  ,  ,24,  ,26,27,  ,  ,30,31,
Diffusion element 22:  0,  , 2,  , 4, 5,  , 7, 8, 9,  ,  ,  ,  ,14,15,  ,17,  ,  ,  ,  ,22,  ,  ,25,  ,27,28,  ,  ,31,
Diffusion element 23:  0, 1,  , 3,  , 5, 6,  , 8, 9,10,  ,12,  ,  ,15,  ,  ,18,  ,  ,  ,  ,23,24,  ,26,  ,  ,29,  ,  ,
Diffusion element 24:   , 1,  ,  , 4, 5, 6, 7,  ,  ,10,11,  ,13,14,  ,  ,  ,18,  ,20,21,  ,23,24,  ,  ,  ,  ,  ,  ,31,
Diffusion element 25:   , 1, 2,  , 4,  ,  ,  , 8,  ,10,  ,  ,13,  ,15,  ,  ,18,19,20,  ,22,23,  ,25,  ,  ,28,  ,  ,31,
Diffusion element 26:   ,  , 2, 3, 4, 5,  ,  , 8, 9,  ,11,12,  ,14,  ,16,  ,  ,19,  ,21,  ,23,  ,  ,26,  ,  ,29,  ,  ,
Diffusion element 27:  0,  ,  , 3, 4, 5, 6,  ,  , 9,10,  ,12,13,  ,15,  ,17,  ,  ,20,  ,22,  ,  ,  ,  ,27,  ,  ,30,  ,
Diffusion element 28:  0, 1, 2, 3,  , 5,  ,  ,  , 9,10,  ,  ,  ,14,15,16,17,  ,19,  ,  ,22,  ,  ,  ,  ,27,28,  ,  ,  ,
Diffusion element 29:  0,  ,  ,  ,  , 5, 6,  ,  , 9,  ,11,12,  ,14,  ,16,  ,18,19,  ,  ,22,23,24,  ,  ,27,  ,29,  ,  ,
Diffusion element 30:  0, 1,  ,  ,  ,  , 6, 7, 8,  ,10,  ,12,13,  ,15,  ,17,  ,19,20,  ,  ,23,  ,25,  ,  ,  ,  ,30,  ,
Diffusion element 31:  0, 1, 2,  , 4,  ,  , 7, 8, 9,  ,11,  ,13,14,  ,16,  ,18,  ,  ,21,  ,  ,  ,  ,26,  ,  ,  ,  ,31,